CASE STUDY # 2:  1:2 SCALE THREE STORY FRAME
CONTROL DATA
3,1,1,1,0,0,0,0,1
ELEMENT TYPES
4,5,0,0,0,0,0,0,0,0
ELEMENT DATA
9,6,0,0,0,0,0,0,0
UNITS SYSTEM :  KN - MM
2
FLOOR ELEVATIONS
1500.0, 3000.0, 4500.0
DESCRIPTION OF IDENTICAL FRAMES
1
PLAN CONFIGURATION: NO OF COLUMN LINES
3
NODAL WEIGHTS
1,1, 22.24, 22.24, 22.24
2,1, 22.24, 22.24, 22.24
3,1, 22.24, 22.24, 22.24
CODE FOR SPECIFICATION OF USER PROPERTIES
0
CONCRETE PROPERTIES
1, 0.0402, 0.0, 0.0, 0.0, 0.0, 0.0
REINFORCEMENT PROPERTIES            
1, 0.4, 0.0, 0.0, 0.0, 0.0
HYSTERETIC MODELING RULES              
2                                       
1, 1, 200.0, 0.01, 0.01, 1.0, 2
2, 1, 200.0, 0.01, 0.01, 1.0, 2
MOMENT CURVATURE ENVELOPE GENERATION    
0
COLUMN DIMENSIONS
1       
1,1,1, 594.2, 1498.6, 149.86, 149.86,
    1, 250.0, 250.0, 15.0, 100.2, 8.0, 55.0, 0.5
    2, 250.0, 250.0, 15.0, 100.2, 8.0, 55.0, 0.5
1
2,1,1, 990.6, 1498.6, 149.86, 149.86,
    1, 250.0, 250.0, 15.0, 307.7, 12.0, 75.0, 0.5
    2, 250.0, 250.0, 15.0, 307.7, 12.0, 75.0, 0.5
1
3,1,1, 594.2, 1498.6, 0.0, 149.86,
    1, 250.0, 250.0, 15.0, 307.7, 12.0, 75.0, 0.5
    2, 250.0, 250.0, 15.0, 307.7, 12.0, 75.0, 0.5
1
4,1,1, 990.6, 1498.6, 0.0, 149.86,
    1, 250.0, 250.0, 15.0, 307.7, 12.0, 75.0, 0.5
    2, 250.0, 250.0, 15.0, 307.7, 12.0, 75.0, 0.5
BEAM MOMENT CURVATURE ENVELOPE GENERATION
0        
BEAM DIMENSIONS
1                
1,1,1, 3000.0, 125.0, 125.0
    1, 300.0,150.0,150.0,0.0,15.0, 401.9,401.9, 6.0, 75.0
    1, 300.0,150.0,150.0,0.0,15.0, 401.9,401.9, 6.0, 75.0
1
2,1,1, 3000.0, 125.0, 125.0
    1, 300.0,150.0,150.0,0.0,15.0, 480.6,401.9, 6.0, 75.0
    1, 300.0,150.0,150.0,0.0,15.0, 401.9,509.0, 6.0, 75.0
1
3,1,1, 3000.0, 125.0, 125.0
    1, 300.0,150.0,150.0,0.0,15.0, 401.9,509.0, 6.0, 75.0
    1, 300.0,150.0,150.0,0.0,15.0, 480.6,401.9, 6.0, 75.0
1
4,1,1, 3000.0, 125.0, 125.0
    1, 300.0,150.0,150.0,0.0,15.0, 307.7,226.5, 6.0, 75.0
    1, 300.0,150.0,150.0,0.0,15.0, 307.7,307.7, 6.0, 75.0
1
5,1,1, 3000.0, 125.0, 125.0
    1, 300.0,150.0,150.0,0.0,15.0, 307.7,226.5, 6.0, 75.0
    1, 300.0,150.0,150.0,0.0,15.0, 307.7,307.7, 6.0, 75.0
COLUMN CONNECTIVITY
1,1,1,1,2,3
2,2,1,2,2,3
3,1,1,3,2,3
4,1,1,1,1,2
5,2,1,2,1,2
6,1,1,3,1,2
7,3,1,1,0,1
8,4,1,2,0,1
9,3,1,3,0,1
BEAM CONNECTIVITY
1,5,3,1,1,2
2,4,3,1,2,3
3,3,2,1,1,2
4,2,2,1,2,3
5,1,1,1,1,2
6,1,1,1,2,3
ANALYSIS TYPE
4
STATIC ANALYSIS OPTION
0,0,0,0
QUASI-STATIC CYCLIC ANALYSIS
1 
1           
3                         
249                     
      0.0000      6.8580      0.0000     -6.8580      0.0000     10.1600
      0.0000    -10.1600      0.0000     12.7000     25.4000     32.4104
     25.4000     12.7000      0.0000    -12.7000    -25.4000    -32.0802
    -25.4000    -12.7000      0.0000     12.7000     25.4000     31.9024
     25.4000     12.7000      0.0000    -12.7000    -25.4000    -29.7180
    -25.4000    -12.7000      0.0000     12.7000     25.4000     30.0482
     25.4000     12.7000      0.0000    -12.7000    -25.4000    -28.7020
    -25.4000    -12.7000      0.0000     20.3200     40.6400     50.8000
     55.8800     50.8000     40.6400     20.3200      0.0000    -20.3200
    -40.6400    -50.8000    -53.3400    -50.8000    -40.6400    -20.3200
      0.0000     20.3200     40.6400     50.8000     57.4040     50.8000
     40.6400     20.3200      0.0000    -20.3200    -40.6400    -50.8000
    -54.3560    -50.8000    -40.6400    -20.3200      0.0000     20.3200
     40.6400     50.8000     56.1340     50.8000     40.6400     20.3200
      0.0000    -20.3200    -40.6400    -50.8000    -54.1020    -50.8000
    -40.6400    -20.3200      0.0000     25.4000     50.8000     76.2000
     86.8680     76.2000     50.8000     25.4000      0.0000    -25.4000
    -50.8000    -76.2000    -83.3120    -76.2000    -50.8000    -25.4000
      0.0000     25.4000     50.8000     76.2000     87.1220     76.2000
     50.8000     25.4000      0.0000    -25.4000    -50.8000    -76.2000
    -84.5820    -76.2000    -50.8000    -25.4000      0.0000     25.4000
     50.8000     76.2000     88.6460     76.2000     50.8000     25.4000
      0.0000    -25.4000    -50.8000    -76.2000    -84.5820    -76.2000
    -50.8000    -25.4000      0.0000     38.1000     76.2000    106.6800
    114.3000    106.6800     76.2000     38.1000      0.0000    -38.1000
    -76.2000   -106.6800   -111.7600   -106.6800    -76.2000    -38.1000
      0.0000     38.1000     76.2000    106.6800    114.3000    106.6800
     76.2000     38.1000      0.0000    -38.1000    -76.2000   -106.6800
   -112.2680   -106.6800    -76.2000    -38.1000      0.0000     38.1000
     76.2000    106.6800    113.5380    106.6800     76.2000     38.1000
      0.0000    -38.1000    -76.2000   -106.6800   -112.2680   -106.6800
    -76.2000    -38.1000      0.0000     38.1000     76.2000    114.3000
    139.7000    147.8280    139.7000    114.3000     76.2000     38.1000
      0.0000    -38.1000    -76.2000   -114.3000   -121.9200   -127.7620
   -121.9200   -114.3000    -76.2000    -38.1000      0.0000     38.1000
     76.2000    114.3000    139.7000    147.0660    139.7000    114.3000
     76.2000     38.1000      0.0000    -38.1000    -76.2000   -114.3000
   -121.9200   -128.0160   -121.9200   -114.3000    -76.2000    -38.1000
      0.0000     38.1000     76.2000    114.3000    139.7000    147.3200
    139.7000    114.3000     76.2000     38.1000      0.0000    -38.1000
    -76.2000   -114.3000   -121.9200   -127.0000   -121.9200   -114.3000
    -76.2000    -38.1000      0.0000
0.02                                       
SNAPSHOT OUTPUT CONTROL 
0
0,0,0,0,0
STORY OUTPUT CONTROL 
3,1,1,2,3
LEVEL1.OUT
LEVEL2.OUT                               
LEVEL3.OUT                 
ELEMENT HYSTERESIS OUTPUT INFORMATION
6,3,0,0,0,0
COLUMN OUTPUT
1 2 3 4 5 6
BEAM OUTPUT
1 2 3




